%YAML:1.0
---
mtx: !!opencv-matrix
   rows: 3
   cols: 3
   dt: d
   data: [ 7.2669562878745876e+02, 0., 3.0465475394525845e+02, 0.,
       7.2669562878745876e+02, 3.3743061491801279e+02, 0., 0., 1. ]
dist: !!opencv-matrix
   rows: 14
   cols: 1
   dt: d
   data: [ -1.2994523835217509e+00, 1.3647997942487258e+00,
       2.7404016943528994e-02, -3.2678706582130270e-03,
       -3.3399933429362121e+00, 2.3374593365415981e+00,
       -6.3478378158847297e+00, -6.4124189977153800e-01, 0., 0., 0., 0.,
       0., 0. ]
